 -3.059    9.914
  5.729   -8.652
  0.945   -2.577
 -2.557    1.348
 -4.928   -4.449
 -1.438   -4.344
 -2.318   -1.221
  9.323   -0.374
 -1.709    6.157
  7.465   -0.866
  4.748    0.445
  7.559   -1.425
  4.407   -1.568
 -2.873    4.005
 -2.707    1.603
 -2.217   -0.086
  4.414   -1.776
 -5.856   -2.058
 -2.637    7.882
 -1.293   -4.126
 -3.087   -3.554
 -2.270   -6.495
  1.480    3.410
 -1.776   -3.385
 -1.973   -5.111
  8.121   -1.670
 -1.857   -9.855
 -0.670   -4.949
  2.939    2.348
 -2.784    6.925
 -2.232   -3.358
 -5.372   -2.245
  6.706   -1.014
 -2.927    7.333
 -2.195   -2.428
 -7.536   -5.121
 -2.348   -3.582
 -2.035   -4.075
 -0.193    4.758
  2.792   -2.144
  2.298   -2.236
 -2.507   -0.012
  0.033   -2.756
  9.481   -0.518
 -6.536   -4.689
  5.902   -1.351
  2.837   -6.599
 -8.125   -4.976
 -0.549    5.110
 -7.992   -5.301
  3.393   -1.915
 -3.732   -4.026
 -2.517   -2.529
 -1.932   -9.144
 -2.922    8.671
  4.780   -8.015
 -2.356    0.806
 -2.272   -8.182
 -0.983    5.141
  0.607   -2.998
  6.709   -1.393
  1.360   -2.396
 -0.156   -2.986
  6.006   -1.390
 -2.633   -0.657
 -7.376   -4.833
 -1.950   -8.822
  6.404   -0.596
 -2.687    0.518
 -6.307   -1.445
  4.397   -7.876
 -2.098   -3.694
 -2.904    6.419
  9.256   -0.218
  3.839   -1.816
  0.482   -5.338
 -9.455    0.555
  5.925   -1.420
  4.273   -7.669
  4.419   -8.107
 -4.723   -2.562
 -2.288   -7.936
  0.735   -2.733
  3.033   -7.016
  3.546    2.109
  9.513   -2.747
  4.163    1.623
 -2.869    4.236
 -4.033   -2.970
  1.743   -2.480
  8.572   -2.237
  2.854   -2.146
 -7.604   -5.037
 -4.280   -4.151
 -2.410   -3.552
 -1.614    5.681
 -6.163   -1.467
  6.012   -1.309
 -8.383   -5.550
 -2.362   -3.397
