  1.414  -17.958
 -5.196   -2.344
 15.854    4.066
-12.575   17.743
 -7.614  -11.000
 10.703    6.360
 10.414   -4.806
 -0.977    3.493
 -2.715    7.909
 -5.215    4.800
 -3.572   -2.721
 15.499    3.686
 15.600    3.857
 -4.904   14.497
  0.609    2.855
 10.739    5.894
  2.469   11.199
  0.173  -14.203
 -5.072    7.301
 -5.795   -3.499
 14.662    4.440
 -0.473   19.779
 10.569   -5.293
 -4.973   -1.691
-11.215   17.654
 -2.696   -5.192
 -9.120  -16.659
 -2.113  -11.217
 17.946    2.112
 -4.234    6.306
-12.284   18.446
  9.543   -3.623
 -7.100   15.642
 11.973   -5.080
 16.417   -8.236
 -0.852   -9.439
 -5.334    3.981
 14.705    4.315
 -7.887   11.401
  7.576    7.833
 -3.163    5.051
-10.205   17.348
-10.177   16.554
  0.092   12.030
  7.531   -2.626
 -0.285   12.215
  1.227   11.330
 -2.793    6.388
 -6.404   -6.834
 -8.746    9.517
 -0.717  -10.350
 -6.862   -6.845
  5.846    8.539
 -8.620  -17.620
  8.052   -3.105
  7.336   -3.239
  0.600  -16.506
 16.626    5.151
 -5.009   -0.155
  8.045   -2.963
  5.996   -4.109
 -7.996  -14.994
 -0.968  -10.885
 -8.444  -14.229
  0.263  -14.271
  1.410  -19.818
 -8.911  -16.808
 -6.733   10.357
 -0.807  -12.261
 -4.349    6.319
 19.458    6.796
 -1.022   12.491
 18.118    6.018
  4.481   -4.919
 -2.720    5.030
 -5.247    5.253
 20.306    1.317
  2.177   10.490
 -1.355   -8.570
  1.080   -8.264
 15.188    3.151
-13.638   12.856
 -6.937   15.336
  7.926   -2.999
 -6.164  -14.161
 -0.290  -12.953
  7.373    8.426
 -0.197   20.049
 -4.541    0.454
  4.093    0.306
 19.958    2.005
  5.698   -1.236
 -0.830  -11.439
 -8.481   15.644
 -5.988   15.281
  3.326   -6.328
 -2.416   -4.204
 -3.883   -1.279
 -4.624    1.238
 -3.478   14.249
 -6.260    5.995
 -6.917   10.108
 -2.479   -5.434
 13.693   -6.465
  4.095    0.206
 -2.170   -7.470
 -3.018   -4.195
 -1.759   12.837
 -1.796   -8.741
 -4.458    1.950
  0.290    2.894
 -2.840    8.964
-10.609   11.075
 -2.449   -6.702
  0.947   11.494
 -4.539    1.384
 -9.191   16.334
-13.486   12.793
 -2.816   -4.176
 -6.216    7.971
 -8.978   16.792
 -8.067   11.161
  0.774   11.181
 15.438    4.197
 -6.286    7.046
 17.170    3.091
  5.863   -0.768
  0.737  -16.496
 -3.232   -4.481
  1.689   10.923
  8.614    7.081
 13.244   -6.727
  9.094   -1.605
  1.712    1.430
 -5.988    6.138
 12.942    4.887
 -3.908    0.682
  3.928   -0.226
  6.593    8.557
 17.162   -8.869
 -3.979   13.416
 -8.686  -15.916
 -9.599  -17.855
 -1.226   -9.996
 -8.313   15.520
 -3.215    5.417
  6.255   -1.117
 -0.931    3.661
  7.006   -1.751
 -4.975   14.298
 -0.840  -10.310
 15.772    3.150
  6.417   -3.528
  9.793   -0.865
 -3.162   -3.487
 11.494   -4.505
 -9.535   17.126
 -4.848   14.582
 11.111   -4.383
 -0.782    3.617
 -4.800  -12.921
 12.783    5.157
  1.309   11.539
 -3.262  -11.778
 -1.789   13.360
 -6.282    8.179
 15.932    3.611
  6.254   -1.396
 -5.041   14.229
 12.916    4.720
 17.566    5.371
 16.059    4.006
  5.551    8.509
  9.236    7.115
 -5.777   -3.679
  1.686    2.513
 12.317   -5.323
 -2.548   12.932
 -6.375   15.281
 -7.372  -12.300
 -2.455    4.946
  8.736   -2.244
  8.602    7.262
  7.850    7.620
 -5.886  -13.273
 -3.394   -2.958
 -3.851   -2.432
 15.964   -8.300
  2.108   10.170
 -0.555  -13.038
 -0.613  -11.387
 -0.642  -13.441
 -4.175    3.659
 -6.326   -8.114
 -6.433   -4.719
  5.274   -0.933
 -1.905    9.972
  2.148   11.032
 -2.250   -5.822
  3.502   -6.686
 -5.355    2.928
 -1.260   -9.567
 15.991    3.881
 14.355    2.650
 10.398    6.431
 -7.437   10.619
  6.155    8.990
  6.586    8.716
 -4.054    1.278
 -4.756   -0.698
 -2.812   -3.768
-10.216  -17.627
 13.339    2.592
 -0.490   11.988
 -5.725    5.861
 14.095    5.110
 -6.399   15.158
 11.344    0.658
 -9.454    9.982
 -8.222   12.553
 -9.535  -16.986
 -8.045   12.390
 16.051    5.144
 14.672    3.165
 -8.889   16.304
 -2.522   -4.927
  0.592   -8.594
 -0.071   11.717
 -6.282    6.253
  9.384   -3.644
 17.210   -9.114
  1.729   11.191
  5.982   -4.180
 -1.555   12.566
  3.407   -6.454
 12.266    1.343
 -5.901    6.891
 -3.499   -3.341
 -2.555   -4.800
 14.121    2.501
-11.205   17.454
  1.737    2.075
 -7.296  -12.099
 13.228    5.217
 -3.026    6.169
  8.939    6.664
 -5.196   -1.257
 -6.194   -4.479
  6.593    8.131
 12.742   -6.445
 17.532    3.190
 11.310   -4.970
 -3.525    6.611
  6.551   -2.283
  8.828    7.191
 17.451   -9.536
 18.101    5.763
  3.078    0.772
 19.908    1.765
  0.526    2.238
 -0.100  -14.231
-10.238   16.838
 -6.926   -8.592
 -6.878    9.850
  1.711    2.222
  4.046   -5.568
 -0.073   17.592
 -7.595   15.447
 16.891    4.674
-10.130  -17.810
 -5.293   -0.441
 -4.224    6.559
 -4.912    2.775
 11.758    5.962
  0.812  -15.838
  4.125   -4.773
 -2.724   12.795
  9.560    7.417
 -6.504    9.027
 -6.230    8.072
 -6.121    5.702
 -5.744   -2.741
 -3.182    4.129
  1.000   -8.095
 17.184   -9.293
  0.415    3.364
 -8.588  -15.888
 -0.192    2.931
 -2.174  -10.342
 -5.884    6.233
 -5.810    4.392
 19.036    7.449
 -7.010    7.944
 -3.133   -4.407
  0.041   11.495
  8.448    7.132
 12.033    5.750
  6.692    8.137
 -9.320    9.663
 14.691    4.030
