 -0.132    2.597
  7.958   -2.506
 -2.613   -3.756
  5.910   -2.738
 -1.203    4.386
 -8.809   -4.882
 -4.434   -4.323
  3.171   -1.852
 -1.647   -3.835
  5.717   -2.932
  4.153   -2.979
  4.800   -0.149
  7.184    4.123
  0.765   -3.384
 -4.374   -4.037
  4.550   -3.332
  4.222   -0.458
  5.407   -2.845
  1.261   -3.561
 -1.857   -8.898
 -3.044    6.728
  2.630   -2.388
  3.416   -4.059
  1.669   -0.581
 -2.563   -3.857
  5.309    1.186
  2.063   -3.643
  6.427   -7.690
 -3.827    8.305
 -0.910    3.701
 -3.242   -4.024
  4.861   -2.829
  1.837   -1.044
  3.657   -3.159
  2.650   -1.906
  2.792   -3.616
  3.505   -1.642
  5.498   -6.512
  3.164   -2.689
  2.761   -2.753
  7.791    4.767
  7.606   -2.808
  8.152   -2.598
 -0.610   -7.647
  3.408   -1.091
 -3.701   -4.091
  4.327   -3.246
 -6.089   -4.591
  2.676   -1.737
 -3.676   -4.116
  0.637   -5.438
 -4.848   -4.050
  4.087   -3.257
 -7.632   -4.826
  2.200   -3.249
 -1.037   -7.691
  3.217   -3.036
 -0.839    3.577
 -1.258   -8.316
 -7.535   -4.776
 -3.928    8.614
  5.630   -2.841
  6.753    2.692
  3.250   -1.602
  0.661    1.135
 -0.761   -3.987
 -5.572   -4.225
  0.722   -3.517
 -6.999   -4.542
 -0.444   -7.153
 -2.999    6.778
  7.260    3.710
 -2.524   -4.095
  1.170   -4.976
 -3.267   -4.395
 10.062   -2.217
  4.141   -4.319
  1.188    0.835
 -0.863   -3.570
 -2.692    6.704
 -1.471    4.770
 -0.122   -3.949
  9.938   -2.498
 -6.552   -4.733
 -1.740   -4.170
 -0.111    2.556
  2.509   -2.881
  4.525   -3.429
  8.271   -2.488
 -0.941    3.697
 -4.144   -4.308
  5.597   -3.118
 -5.243   -4.481
  0.391   -5.719
  5.118    0.097
  1.087   -3.649
  0.507    1.372
  5.927    1.928
  2.812   -3.487
  0.467   -5.666
  6.549    2.748
  3.091   -3.016
  1.071    0.965
 -7.047   -4.760
 -5.768   -4.257
  5.401   -2.968
  3.206   -3.523
  0.334   -3.835
 -0.590    3.420
  5.310    0.703
  9.185   -2.453
  5.482   -6.530
  1.436   -4.014
  4.298   -4.751
  0.257   -6.324
  8.819    5.769
 -2.040   -3.705
  3.841   -3.459
 -1.450   -3.642
  5.670    1.811
  1.844   -0.668
  3.904   -3.262
 -4.237   -4.247
  5.677   -7.180
  4.266   -4.359
 -1.240   -3.890
 -2.247    5.904
 -3.078   -4.132
  6.190   -2.745
  5.428   -6.573
 -4.757   -4.323
 -6.450   -4.676
  4.617   -4.878
  7.476   -2.673
  7.543   -2.645
  3.312   -3.469
  4.075   -3.154
  0.073   -3.918
  6.389   -7.419
  2.258   -3.657
  8.877    5.358
 -3.661   -4.005
  7.046   -3.130
  2.062   -3.437
 -1.403   -8.179
 -9.056   -4.833
 -1.943   -9.045
  0.755   -5.228
  9.514   -2.762
 -6.174   -4.439
  2.352   -3.582
  3.738   -0.999
  8.208   -2.476
  1.677   -3.717
 -2.217    5.487
  9.249   -2.814
 -1.562    4.909
  5.849   -7.360
  0.740   -3.901
  1.090    0.804
  4.377   -2.897
 -0.397   -6.781
 -7.935   -4.727
 -0.647    3.582
 -4.011    8.644
  3.413   -3.038
  0.470   -5.772
  0.745   -3.828
 -1.295   -3.754
 -1.558    4.477
  4.283   -0.502
  6.365   -7.458
  6.458   -3.135
  0.380   -3.464
  7.963    4.655
  9.702   -2.201
  4.629   -0.375
  5.782   -6.771
 -0.980   -3.964
 -6.364   -4.522
 -1.950    5.822
  2.980   -2.929
 -3.085    6.731
  2.658   -3.314
 -3.468    7.712
  1.224   -4.927
 -9.091   -5.111
 -4.013   -3.981
  6.036   -2.781
  7.137    3.806
 -3.163    7.256
 -2.327   -3.935
  6.796    3.038
 -2.120   -3.990
  4.147   -0.556
  8.435    5.044
  3.451   -3.436
 -4.463   -4.520
  5.968   -7.091
 -3.069   -4.114
